pop_t.png 0.000000000000 0.000000000000 1.000000000000 0.125000000000
job_fight_on.png 0.000000000000 0.125000000000 0.093750000000 0.218750000000
job_forage_on.png 0.093750000000 0.125000000000 0.187500000000 0.218750000000
job_magic_on.png 0.187500000000 0.125000000000 0.281250000000 0.218750000000
job_craft_on.png 0.281250000000 0.125000000000 0.375000000000 0.218750000000
quit.png 0.375000000000 0.125000000000 0.468750000000 0.218750000000
scroll_m.png 0.468750000000 0.125000000000 0.500000000000 0.375000000000
opt_on_zorai.png 0.500000000000 0.125000000000 0.585937500000 0.214843750000
opt_on_tryker.png 0.585937500000 0.125000000000 0.671875000000 0.214843750000
opt_on_matis.png 0.671875000000 0.125000000000 0.757812500000 0.210937500000
opt_on_fyros.png 0.757812500000 0.125000000000 0.843750000000 0.210937500000
curs_default.png 0.843750000000 0.125000000000 0.929687500000 0.201171875000
curs_pan.png 0.843750000000 0.203125000000 0.929687500000 0.279296875000
curs_pick.png 0.671875000000 0.210937500000 0.757812500000 0.287109375000
curs_resize_bl_tr.png 0.757812500000 0.210937500000 0.843750000000 0.287109375000
curs_resize_br_tl.png 0.000000000000 0.218750000000 0.085937500000 0.294921875000
curs_resize_lr.png 0.085937500000 0.218750000000 0.171875000000 0.294921875000
curs_resize_tb.png 0.171875000000 0.218750000000 0.257812500000 0.294921875000
curs_rotate.png 0.257812500000 0.218750000000 0.343750000000 0.294921875000
curs_scale.png 0.343750000000 0.218750000000 0.429687500000 0.294921875000
curs_can_pan.png 0.500000000000 0.218750000000 0.585937500000 0.294921875000
f2.png 0.585937500000 0.218750000000 0.664062500000 0.296875000000
f3.png 0.843750000000 0.281250000000 0.921875000000 0.359375000000
f4.png 0.921875000000 0.281250000000 1.000000000000 0.359375000000
f5.png 0.664062500000 0.289062500000 0.742187500000 0.367187500000
f6.png 0.742187500000 0.289062500000 0.820312500000 0.367187500000
g1.png 0.000000000000 0.296875000000 0.078125000000 0.375000000000
g2.png 0.078125000000 0.296875000000 0.156250000000 0.375000000000
g3.png 0.156250000000 0.296875000000 0.234375000000 0.375000000000
g4.png 0.234375000000 0.296875000000 0.312500000000 0.375000000000
g5.png 0.312500000000 0.296875000000 0.390625000000 0.375000000000
g6.png 0.390625000000 0.296875000000 0.468750000000 0.375000000000
c1.png 0.500000000000 0.296875000000 0.578125000000 0.375000000000
c10.png 0.578125000000 0.296875000000 0.656250000000 0.375000000000
c2.png 0.820312500000 0.359375000000 0.898437500000 0.437500000000
c3.png 0.898437500000 0.359375000000 0.976562500000 0.437500000000
m1.png 0.656250000000 0.367187500000 0.734375000000 0.445312500000
m2.png 0.734375000000 0.367187500000 0.812500000000 0.445312500000
m3.png 0.000000000000 0.375000000000 0.078125000000 0.453125000000
m4.png 0.078125000000 0.375000000000 0.156250000000 0.453125000000
m5.png 0.156250000000 0.375000000000 0.234375000000 0.453125000000
c4.png 0.234375000000 0.375000000000 0.312500000000 0.453125000000
c5.png 0.312500000000 0.375000000000 0.390625000000 0.453125000000
c6.png 0.390625000000 0.375000000000 0.468750000000 0.453125000000
c7.png 0.468750000000 0.375000000000 0.546875000000 0.453125000000
pack_default.png 0.546875000000 0.375000000000 0.625000000000 0.453125000000
c8.png 0.812500000000 0.437500000000 0.890625000000 0.515625000000
c9.png 0.890625000000 0.437500000000 0.968750000000 0.515625000000
f1.png 0.625000000000 0.445312500000 0.703125000000 0.523437500000
opt_off_l.png 0.929687500000 0.125000000000 0.992187500000 0.218750000000
opt_off_r.png 0.703125000000 0.445312500000 0.765625000000 0.539062500000
job_border_r.png 0.000000000000 0.453125000000 0.050781250000 0.554687500000
job_border_l.png 0.054687500000 0.453125000000 0.105468750000 0.554687500000
slider_m.png 0.109375000000 0.453125000000 0.187500000000 0.515625000000
w_slot_jauge_1.png 0.187500000000 0.453125000000 0.433593750000 0.472656250000
play_on.png 0.437500000000 0.453125000000 0.523437500000 0.507812500000
play_off.png 0.523437500000 0.453125000000 0.609375000000 0.507812500000
menu_off_r.png 0.976562500000 0.359375000000 0.992187500000 0.652343750000
menu_on_l.png 0.765625000000 0.445312500000 0.781250000000 0.738281250000
menu_on_m.png 0.781250000000 0.445312500000 0.796875000000 0.738281250000
menu_on_r.png 0.796875000000 0.445312500000 0.812500000000 0.738281250000
menu_off_l.png 0.609375000000 0.453125000000 0.625000000000 0.746093750000
menu_off_m.png 0.187500000000 0.476562500000 0.203125000000 0.769531250000
opt_on_l_over.png 0.929687500000 0.218750000000 0.992187500000 0.281250000000
curs_l.png 0.203125000000 0.476562500000 0.265625000000 0.539062500000
opt_on_r.png 0.265625000000 0.476562500000 0.328125000000 0.539062500000
opt_on_r_over.png 0.328125000000 0.476562500000 0.390625000000 0.539062500000
curs_l_no_mouse.png 0.390625000000 0.507812500000 0.453125000000 0.570312500000
curs_r.png 0.453125000000 0.507812500000 0.515625000000 0.570312500000
opt_on_l.png 0.515625000000 0.507812500000 0.578125000000 0.570312500000
job_br.png 0.109375000000 0.515625000000 0.160156250000 0.566406250000
job_tl.png 0.812500000000 0.515625000000 0.863281250000 0.566406250000
job_tr.png 0.867187500000 0.515625000000 0.917968750000 0.566406250000
job_bl.png 0.921875000000 0.515625000000 0.972656250000 0.566406250000
qh_off_l.png 0.625000000000 0.523437500000 0.667968750000 0.578125000000
qh_off_r.png 0.203125000000 0.539062500000 0.246093750000 0.593750000000
qh_on_l.png 0.250000000000 0.539062500000 0.292968750000 0.593750000000
qh_on_r.png 0.296875000000 0.539062500000 0.339843750000 0.593750000000
job_border_m.png 0.578125000000 0.507812500000 0.593750000000 0.609375000000
pop_bl.png 0.429687500000 0.218750000000 0.460937500000 0.250000000000
pop_blank.png 0.429687500000 0.250000000000 0.460937500000 0.281250000000
pop_br.png 0.625000000000 0.375000000000 0.656250000000 0.406250000000
pop_l.png 0.625000000000 0.406250000000 0.656250000000 0.437500000000
pop_r.png 0.390625000000 0.476562500000 0.421875000000 0.507812500000
bgd_pause.png 0.671875000000 0.523437500000 0.703125000000 0.554687500000
sub_menu_bl.png 0.343750000000 0.539062500000 0.375000000000 0.570312500000
sub_menu_blank.png 0.703125000000 0.539062500000 0.734375000000 0.570312500000
sub_menu_br.png 0.734375000000 0.539062500000 0.765625000000 0.570312500000
sub_menu_tl.png 0.000000000000 0.554687500000 0.031250000000 0.585937500000
sub_menu_tr.png 0.031250000000 0.554687500000 0.062500000000 0.585937500000
w_answer_16_cancel.png 0.062500000000 0.554687500000 0.093750000000 0.585937500000
w_answer_16_valid.png 0.671875000000 0.554687500000 0.703125000000 0.585937500000
pop_b.png 0.093750000000 0.570312500000 0.125000000000 0.601562500000
job_r.png 0.125000000000 0.570312500000 0.175781250000 0.585937500000
job_t.png 0.820312500000 0.289062500000 0.835937500000 0.339843750000
job_b.png 0.593750000000 0.507812500000 0.609375000000 0.558593750000
job_l.png 0.343750000000 0.570312500000 0.394531250000 0.585937500000
job_blank.png 0.398437500000 0.570312500000 0.449218750000 0.585937500000
scroll_b.png 0.453125000000 0.570312500000 0.484375000000 0.593750000000
opt_off_m.png 0.992187500000 0.125000000000 1.000000000000 0.218750000000
scroll_t.png 0.484375000000 0.570312500000 0.515625000000 0.593750000000
curs_m.png 0.460937500000 0.218750000000 0.468750000000 0.281250000000
opt_on_m.png 0.664062500000 0.218750000000 0.671875000000 0.281250000000
qh_off_m.png 0.992187500000 0.218750000000 1.000000000000 0.273437500000
qh_on_m.png 0.835937500000 0.289062500000 0.843750000000 0.343750000000
w_arrow_down_2.png 0.164062500000 0.515625000000 0.183593750000 0.535156250000
w_hl_bl.png 0.429687500000 0.281250000000 0.445312500000 0.296875000000
w_hl_br.png 0.445312500000 0.281250000000 0.460937500000 0.296875000000
w_hl_l.png 0.820312500000 0.343750000000 0.835937500000 0.359375000000
w_hl_r.png 0.421875000000 0.476562500000 0.437500000000 0.492187500000
w_hl_t.png 0.421875000000 0.492187500000 0.437500000000 0.507812500000
w_hl_tl.png 0.164062500000 0.539062500000 0.179687500000 0.554687500000
w_hl_tr.png 0.375000000000 0.539062500000 0.390625000000 0.554687500000
w_hl_b.png 0.093750000000 0.554687500000 0.109375000000 0.570312500000
w_box_top_right.png 0.992187500000 0.273437500000 1.000000000000 0.281250000000
blank.png 0.460937500000 0.281250000000 0.468750000000 0.289062500000
w_box_blank.png 0.664062500000 0.281250000000 0.671875000000 0.289062500000
w_box_bot.png 0.460937500000 0.289062500000 0.468750000000 0.296875000000
w_box_bot_left.png 0.656250000000 0.296875000000 0.664062500000 0.304687500000
w_box_bot_right.png 0.656250000000 0.304687500000 0.664062500000 0.312500000000
w_box_left.png 0.656250000000 0.312500000000 0.664062500000 0.320312500000
w_box_right.png 0.656250000000 0.320312500000 0.664062500000 0.328125000000
w_box_top.png 0.656250000000 0.328125000000 0.664062500000 0.335937500000
w_modal_b.png 0.656250000000 0.335937500000 0.664062500000 0.343750000000
w_modal_bl.png 0.656250000000 0.343750000000 0.664062500000 0.351562500000
w_modal_blank.png 0.835937500000 0.343750000000 0.843750000000 0.351562500000
w_modal_br.png 0.656250000000 0.351562500000 0.664062500000 0.359375000000
w_modal_l.png 0.835937500000 0.351562500000 0.843750000000 0.359375000000
w_modal_r.png 0.656250000000 0.359375000000 0.664062500000 0.367187500000
w_modal_t.png 0.992187500000 0.359375000000 1.000000000000 0.367187500000
w_modal_tl.png 0.812500000000 0.367187500000 0.820312500000 0.375000000000
w_modal_tr.png 0.992187500000 0.367187500000 1.000000000000 0.375000000000
w_box_top_left.png 0.812500000000 0.375000000000 0.820312500000 0.382812500000
text_cursor.png 0.992187500000 0.375000000000 0.996093750000 0.378906250000
w_jauge_fill.png 0.812500000000 0.382812500000 0.814453125000 0.390625000000
