curs_can_pan.png 0.000000000000 0.000000000000 0.171875000000 0.152343750000
curs_default.png 0.171875000000 0.000000000000 0.343750000000 0.152343750000
curs_pan.png 0.000000000000 0.156250000000 0.171875000000 0.308593750000
curs_pick.png 0.171875000000 0.156250000000 0.343750000000 0.308593750000
curs_resize_bl_tr.png 0.000000000000 0.312500000000 0.171875000000 0.464843750000
curs_resize_br_tl.png 0.171875000000 0.312500000000 0.343750000000 0.464843750000
curs_resize_lr.png 0.343750000000 0.000000000000 0.515625000000 0.152343750000
curs_resize_tb.png 0.515625000000 0.000000000000 0.687500000000 0.152343750000
curs_rotate.png 0.687500000000 0.000000000000 0.859375000000 0.152343750000
curs_scale.png 0.343750000000 0.156250000000 0.515625000000 0.308593750000
curs_l.png 0.859375000000 0.000000000000 0.984375000000 0.125000000000
curs_l_no_mouse.png 0.859375000000 0.125000000000 0.984375000000 0.250000000000
curs_r.png 0.515625000000 0.156250000000 0.640625000000 0.281250000000
log_but_over_r.png 0.640625000000 0.156250000000 0.710937500000 0.296875000000
log_but_r.png 0.718750000000 0.156250000000 0.789062500000 0.296875000000
bk_skin_scroll_b.png 0.796875000000 0.250000000000 0.890625000000 0.312500000000
bk_skin_scroll_t.png 0.890625000000 0.250000000000 0.984375000000 0.312500000000
logbox_bl.png 0.796875000000 0.156250000000 0.859375000000 0.218750000000
logbox_br.png 0.515625000000 0.281250000000 0.578125000000 0.343750000000
logbox_tl.png 0.578125000000 0.281250000000 0.640625000000 0.343750000000
logbox_tr.png 0.640625000000 0.296875000000 0.703125000000 0.359375000000
logboxblank_bl.png 0.703125000000 0.296875000000 0.765625000000 0.359375000000
logboxblank_br.png 0.343750000000 0.312500000000 0.406250000000 0.375000000000
logboxblank_tl.png 0.406250000000 0.312500000000 0.468750000000 0.375000000000
logboxblank_tr.png 0.765625000000 0.312500000000 0.828125000000 0.375000000000
patch_off.png 0.828125000000 0.312500000000 0.890625000000 0.375000000000
patch_on.png 0.890625000000 0.312500000000 0.953125000000 0.375000000000
but_left.png 0.468750000000 0.343750000000 0.523437500000 0.398437500000
but_right.png 0.531250000000 0.343750000000 0.585937500000 0.398437500000
w_opacity_on.png 0.593750000000 0.359375000000 0.648437500000 0.414062500000
w_slot_on.png 0.656250000000 0.359375000000 0.710937500000 0.414062500000
but_r.png 0.953125000000 0.312500000000 0.984375000000 0.406250000000
but_l.png 0.718750000000 0.359375000000 0.750000000000 0.453125000000
but_over_l.png 0.343750000000 0.375000000000 0.375000000000 0.468750000000
but_over_r.png 0.375000000000 0.375000000000 0.406250000000 0.468750000000
serv_note_over_r.png 0.406250000000 0.375000000000 0.437500000000 0.453125000000
serv_note_r.png 0.437500000000 0.375000000000 0.468750000000 0.453125000000
serv_note_l.png 0.750000000000 0.375000000000 0.781250000000 0.453125000000
serv_note_over_l.png 0.781250000000 0.375000000000 0.812500000000 0.453125000000
log_but_over_l.png 0.984375000000 0.000000000000 1.000000000000 0.140625000000
log_but_over_m.png 0.984375000000 0.140625000000 1.000000000000 0.281250000000
log_but_l.png 0.984375000000 0.281250000000 1.000000000000 0.421875000000
log_but_m.png 0.812500000000 0.375000000000 0.828125000000 0.515625000000
skin_scroll_t.png 0.796875000000 0.218750000000 0.859375000000 0.250000000000
curs_m.png 0.828125000000 0.375000000000 0.843750000000 0.500000000000
skin_scroll_b.png 0.843750000000 0.375000000000 0.906250000000 0.406250000000
but_m.png 0.906250000000 0.375000000000 0.921875000000 0.468750000000
bk_skin_scroll_m.png 0.468750000000 0.406250000000 0.562500000000 0.421875000000
but_over_m.png 0.921875000000 0.375000000000 0.937500000000 0.468750000000
serv_note_m.png 0.937500000000 0.375000000000 0.953125000000 0.453125000000
serv_note_over_m.png 0.562500000000 0.406250000000 0.578125000000 0.484375000000
log_mod_bl.png 0.468750000000 0.312500000000 0.500000000000 0.343750000000
log_mod_br.png 0.843750000000 0.406250000000 0.875000000000 0.437500000000
log_mod_tl.png 0.875000000000 0.406250000000 0.906250000000 0.437500000000
log_mod_tr.png 0.953125000000 0.406250000000 0.984375000000 0.437500000000
log_eb_bl.png 0.468750000000 0.421875000000 0.500000000000 0.453125000000
skin_scroll_m.png 0.500000000000 0.421875000000 0.562500000000 0.437500000000
log_eb_br.png 0.578125000000 0.421875000000 0.609375000000 0.453125000000
log_eb_tl.png 0.609375000000 0.421875000000 0.640625000000 0.453125000000
log_eb_tr.png 0.640625000000 0.421875000000 0.671875000000 0.453125000000
log_mod_t.png 0.500000000000 0.312500000000 0.515625000000 0.343750000000
log_eb_b.png 0.671875000000 0.421875000000 0.687500000000 0.453125000000
log_eb_l.png 0.765625000000 0.296875000000 0.796875000000 0.312500000000
log_mod_b.png 0.687500000000 0.421875000000 0.703125000000 0.453125000000
log_eb_r.png 0.593750000000 0.343750000000 0.625000000000 0.359375000000
log_eb_t.png 0.703125000000 0.421875000000 0.718750000000 0.453125000000
log_mod_l.png 0.500000000000 0.437500000000 0.531250000000 0.453125000000
log_mod_r.png 0.531250000000 0.437500000000 0.562500000000 0.453125000000
log_eb_m.png 0.625000000000 0.343750000000 0.640625000000 0.359375000000
blank.png 0.750000000000 0.359375000000 0.765625000000 0.375000000000
text_cursor.png 0.578125000000 0.406250000000 0.585937500000 0.414062500000
no_bord.png 0.984375000000 0.421875000000 0.988281250000 0.425781250000
